1 0.13046875 0.47421875 0.028125 0.046875
1 0.0875 0.4625 0.025 0.0453125
1 0.20078125 0.46328125 0.021875 0.053125
0 0.22890625 0.51953125 0.015625 0.0390625
0 0.16015625 0.49296875 0.0171875 0.0328125
1 0.3671875 0.28984375 0.0515625 0.0828125
1 0.28671875 0.42421875 0.025 0.053125
1 0.484375 0.34609375 0.0359375 0.059375
1 0.5828125 0.40078125 0.034375 0.0640625
1 0.66875 0.409375 0.0328125 0.0609375
1 0.54375 0.446875 0.025 0.05625
1 0.7375 0.459375 0.0265625 0.05
1 0.8953125 0.3890625 0.040625 0.075