1 0.13125 0.53828125 0.034375 0.05
1 0.08671875 0.534375 0.0296875 0.0484375
1 0.1984375 0.51640625 0.0296875 0.0546875
0 0.2359375 0.56640625 0.0203125 0.040625
0 0.1640625 0.55234375 0.021875 0.034375
1 0.3328125 0.31640625 0.0625 0.0875
1 0.2765625 0.4625 0.0328125 0.05625
1 0.4578125 0.35078125 0.04375 0.0640625
1 0.56484375 0.3875 0.0421875 0.06875
1 0.65078125 0.38125 0.040625 0.065625
1 0.534375 0.43984375 0.0328125 0.0578125
1 0.7265625 0.41875 0.0328125 0.053125
1 0.86953125 0.321875 0.0515625 0.0796875