1 0.37890625 0.28046875 0.0484375 0.08125
1 0.4828125 0.34921875 0.0375 0.0640625
1 0.57734375 0.403125 0.0328125 0.059375
1 0.65546875 0.4265625 0.0296875 0.0546875
1 0.875 0.42734375 0.0328125 0.0625
1 0.73125 0.471875 0.0328125 0.0578125
1 0.5359375 0.4453125 0.0296875 0.0546875
1 0.2890625 0.40625 0.0265625 0.05625
1 0.1875 0.4296875 0.0296875 0.05
0 0.23046875 0.50234375 0.0203125 0.0375
0 0.2078125 0.48671875 0.021875 0.0359375
0 0.1390625 0.45546875 0.0265625 0.0421875
1 0.10546875 0.428125 0.03125 0.05
1 0.06171875 0.42265625 0.0265625 0.0515625