1 0.1328125 0.4484375 0.03125 0.0484375
1 0.090625 0.43359375 0.0265625 0.046875
1 0.20390625 0.44296875 0.025 0.0546875
0 0.228125 0.50078125 0.01875 0.0390625
0 0.16171875 0.46953125 0.0203125 0.034375
1 0.38203125 0.28125 0.0578125 0.0859375
1 0.2921875 0.409375 0.028125 0.0546875
1 0.4953125 0.3453125 0.040625 0.0625
1 0.58984375 0.40703125 0.0375 0.0671875
1 0.675 0.42109375 0.0359375 0.0640625
1 0.54765625 0.45 0.0296875 0.0578125
1 0.73984375 0.4765625 0.0296875 0.0515625
1 0.9015625 0.41640625 0.046875 0.078125