1 0.39296875 0.6453125 0.05 0.115625
1 0.48984375 0.75703125 0.0515625 0.1265625
1 0.65625 0.759375 0.0484375 0.109375
1 0.6015625 0.678125 0.0484375 0.1015625
1 0.55703125 0.590625 0.0515625 0.1046875
1 0.49375 0.39453125 0.0359375 0.08125
1 0.05390625 0.64140625 0.0515625 0.1109375
1 0.93359375 0.4703125 0.053125 0.0953125
1 0.853125 0.45 0.0546875 0.10625
1 0.80234375 0.43515625 0.040625 0.0984375
1 0.696875 0.48046875 0.0453125 0.1125
1 0.3796875 0.4765625 0.04375 0.1015625
1 0.20234375 0.4015625 0.0390625 0.065625
1 0.0234375 0.43671875 0.0421875 0.075
0 0.13984375 0.6484375 0.053125 0.090625
0 0.0609375 0.27734375 0.0359375 0.059375
0 0.16640625 0.27109375 0.034375 0.0609375
0 0.60078125 0.3703125 0.034375 0.0703125
0 0.8796875 0.63984375 0.04375 0.0921875
0 0.528125 0.48671875 0.0359375 0.0859375
0 0.275 0.303125 0.025 0.059375
0 0.22421875 0.27421875 0.03125 0.065625
0 0.28671875 0.62421875 0.0484375 0.09375
1 0.2203125 0.54375 0.0578125 0.1125
1 0.3015625 0.540625 0.0546875 0.0984375
1 0.7328125 0.3015625 0.034375 0.08125