1 0.36953125 0.62421875 0.06875 0.121875
1 0.4453125 0.7515625 0.0734375 0.1328125
1 0.609375 0.78203125 0.0671875 0.115625
1 0.56875 0.69296875 0.0640625 0.10625
1 0.540625 0.59921875 0.06875 0.1109375
1 0.5125 0.3953125 0.0484375 0.0859375
1 0.0359375 0.56171875 0.0703125 0.1171875
1 0.93203125 0.54609375 0.06875 0.103125
1 0.85625 0.51171875 0.071875 0.1140625
1 0.80859375 0.48828125 0.05625 0.1046875
1 0.69765625 0.515625 0.0640625 0.11875
1 0.3859375 0.45625 0.0609375 0.10625
1 0.22421875 0.3515625 0.05 0.071875
1 0.0421875 0.35546875 0.0546875 0.08125
0 0.11953125 0.58359375 0.0671875 0.0984375
0 0.10625 0.2046875 0.0453125 0.0640625
0 0.21171875 0.21640625 0.04375 0.065625
0 0.621875 0.38984375 0.046875 0.075
0 0.85 0.703125 0.059375 0.0984375
0 0.53046875 0.49140625 0.0515625 0.090625
0 0.3125 0.2671875 0.034375 0.0625
0 0.26796875 0.2296875 0.0421875 0.06875
0 0.26875 0.58515625 0.0625 0.1
1 0.2171875 0.49453125 0.0765625 0.1203125
1 0.29765625 0.50546875 0.0703125 0.10625
1 0.7640625 0.3453125 0.046875 0.0859375