1 0.3875 0.64140625 0.0546875 0.1171875
1 0.48125 0.75625 0.05625 0.128125
1 0.64765625 0.7640625 0.053125 0.1109375
1 0.5953125 0.68203125 0.0515625 0.1015625
1 0.55390625 0.59296875 0.0546875 0.10625
1 0.49765625 0.39453125 0.0390625 0.0828125
1 0.04921875 0.62578125 0.05625 0.1125
1 0.934375 0.48515625 0.05625 0.096875
1 0.8546875 0.4625 0.0578125 0.1078125
1 0.80390625 0.4453125 0.04375 0.1
1 0.69765625 0.4875 0.0484375 0.1140625
1 0.38125 0.47265625 0.046875 0.103125
1 0.20625 0.39140625 0.0421875 0.0671875
1 0.0265625 0.4203125 0.04375 0.0765625
0 0.134375 0.6359375 0.05625 0.0921875
0 0.06875 0.2625 0.0375 0.0609375
0 0.175 0.259375 0.0359375 0.0625
0 0.60546875 0.37421875 0.0375 0.071875
0 0.87421875 0.65234375 0.046875 0.09375
0 0.52890625 0.4875 0.0390625 0.0875
0 0.28203125 0.2953125 0.0265625 0.059375
0 0.23203125 0.26484375 0.034375 0.065625
0 0.2828125 0.6171875 0.0515625 0.09375
1 0.21875 0.53359375 0.0625 0.1140625
1 0.3 0.53359375 0.0578125 0.1
1 0.73984375 0.31015625 0.0375 0.0828125