7 0.5166666666666667 0.9234375 0.9638888888888889 0.153125
7 0.5083333333333333 0.7875 0.8944444444444445 0.1203125
7 0.4861111111111111 0.6890625 0.8416666666666667 0.1171875
7 0.4888888888888889 0.5859375 0.8083333333333333 0.0984375
7 0.4861111111111111 0.496875 0.7694444444444445 0.1015625
7 0.4777777777777778 0.4109375 0.7361111111111112 0.0796875
7 0.48333333333333334 0.340625 0.6944444444444444 0.075
7 0.48055555555555557 0.2671875 0.6694444444444444 0.075
7 0.49444444444444446 0.209375 0.6527777777777778 0.0703125
7 0.4722222222222222 0.1015625 0.6083333333333333 0.059375
7 0.4638888888888889 0.0484375 0.5638888888888889 0.0546875
7 0.48333333333333334 0.1578125 0.6305555555555555 0.059375