7 0.09666994603986148 0.31324081135998316 0.13276808996629613 0.4801464884566441
7 0.1645023406536672 0.36221730992128004 0.1424339814568439 0.5705081091404987
7 0.23156257562655255 0.4083191669078981 0.1439964814568439 0.5706708001110851
7 0.2923455395221991 0.46215014828032647 0.14414192720211788 0.6153635375412527
7 0.3524745184449602 0.4767936389160649 0.1378192043294809 0.5923664049438228
7 0.4109410034178456 0.522000695564457 0.13791919827935678 0.6230926619270631
7 0.47258248536566877 0.5521700056624022 0.14412374648395848 0.6097769453624817
7 0.5310807865953329 0.5876005259979451 0.13319533684303816 0.6114314046577615
7 0.5841012474659173 0.6252549240258206 0.15843168617910824 0.6866601585111687
7 0.648831367977422 0.6669228004224808 0.15054646330647134 0.663500334943152
7 0.7159415999252452 0.6897762299758284 0.15670555971567507 0.6204475400483431
7 0.7838103559753694 0.7075252754888931 0.14734874043383428 0.5849494490222139
7 0.8477819523845733 0.7245015388916716 0.1598487404338343 0.5509969222166569
7 0.9141427505891752 0.7388878699182977 0.16916919827935678 0.5222242601634046