7 0.04612959055547135 0.7043149905405921 0.0922591811109427 0.49498095601154624
7 0.10009843130733442 0.6901452966635795 0.14884760792027704 0.6075035906019329
7 0.17672456382089174 0.6722348972763514 0.15041919827935665 0.6103215183274736
7 0.2486313800776704 0.6639765642946743 0.15212714402463057 0.6549221758580284
7 0.30893762100248406 0.619263439109604 0.1458135115110732 0.635293918994863
7 0.3777330727978822 0.6067620083370128 0.14593168617910823 0.6715056181592084
7 0.4426722715682182 0.578859212289567 0.15211805366555087 0.6521366605376939
7 0.5107228347999347 0.5551995140330356 0.14118964402463058 0.6546952890215837
7 0.5709290817748727 0.5411270573716421 0.16643508371978016 0.7304228011539105
7 0.6436671450065892 0.5175645963307297 0.1585680415653025 0.7135476472058732
7 0.7140932744950843 0.4842042130608378 0.16627145725634698 0.6802835253878937
7 0.7907557684449602 0.45515175239227285 0.15535213797450637 0.6856276691921178
7 0.8603824672152962 0.4273461935604462 0.16628963797450638 0.6858545560285623
7 0.9229551900879331 0.4063585672060267 0.15388963192438218 0.7162359253105883