7 0.084375 0.5138888888888888 0.0734375 0.44166666666666665
7 0.15625 0.5027777777777778 0.06875 0.5361111111111111
7 0.225 0.49444444444444446 0.0703125 0.5361111111111111
7 0.290625 0.475 0.0640625 0.5805555555555556
7 0.35 0.49166666666666664 0.0609375 0.5638888888888889
7 0.4125 0.48055555555555557 0.05625 0.5972222222222222
7 0.4734375 0.48333333333333334 0.065625 0.5777777777777777
7 0.534375 0.48055555555555557 0.053125 0.5833333333333334
7 0.590625 0.4722222222222222 0.06875 0.65
7 0.6578125 0.4666666666666667 0.0640625 0.6333333333333333
7 0.725 0.4722222222222222 0.075 0.6
7 0.7953125 0.4722222222222222 0.0640625 0.6083333333333333
7 0.8609375 0.4722222222222222 0.075 0.6055555555555555
7 0.93125 0.4638888888888889 0.0859375 0.6277777777777778