6 0.49375 0.49375 0.984375 0.9875
6 0.3578125 0.784375 0.215625 0.3875
6 0.2125 0.68125 0.2171875 0.2625
6 0.625 0.76875 0.221875 0.3
6 0.625 0.1375 0.16875 0.2734375
6 0.771875 0.678125 0.3359375 0.2578125
6 0.821875 0.3765625 0.28125 0.209375
6 0.7515625 0.228125 0.259375 0.2546875
6 0.3109375 0.1453125 0.225 0.2125
6 0.175 0.21875 0.2546875 0.15625
6 0.8515625 0.5625 0.2625 0.1828125
6 0.4375 0.128125 0.18125 0.2546875
6 0.1109375 0.3828125 0.221875 0.175
6 0.13125 0.55 0.2546875 0.2359375
6 0.7734375 0.39375 0.18125 0.0734375
6 0.834375 0.4375 0.2578125 0.0875
6 0.696875 0.259375 0.1484375 0.1046875