6 0.5 0.5 1 1
6 0.7464618922893744 0.675753012992234 0.4251143284565975 0.28074680843869115
6 0.6192428160169785 0.8068275093387861 0.30127678495361143 0.2614046988616142
6 0.7792614341768399 0.4073206128300783 0.3389949905006947 0.2714342637964224
6 0.1550082762168053 0.31903855194916464 0.30331075721819467 0.21458424593951494
6 0.7173822960684373 0.2475286014659926 0.3180668542921531 0.37883766071216723
6 0.4274495867216318 0.15709963656760426 0.25883601823611146 0.3141992731352085
6 0.2662204927818054 0.204643040992116 0.30069620991548635 0.3035649253226639
6 0.11598345022874978 0.6322476639618735 0.23196690045749957 0.26050467207625305
6 0.15449063820531184 0.7774550239459874 0.2002234312301391 0.28150691882984213
6 0.6157308367216319 0.15246729180619017 0.22860300436840292 0.2929353425309483
6 0.12743074971565954 0.5023828859586963 0.2548614994313191 0.2233592280826075
6 0.30636030309920065 0.8622685803593789 0.21188697663298628 0.245787607141445
6 0.4759461044859715 0.8569656513832671 0.2796927256830557 0.2735228693163094
6 0.4356426400082637 0.20637136201600415 0.10599934612402784 0.19239778003177205
6 0.490022321903993 0.15153781169169256 0.13285409327423636 0.2725216566549776
6 0.28825784052135395 0.2643901879078609 0.13034472948277784 0.16470915665497757