6 0.5 0.5 1 1
6 0.2839097339672288 0.23973816910889015 0.33165327339272455 0.4393998850476401
6 0.15576545794877508 0.3764119881943392 0.30389080537872515 0.3361203489432866
6 0.5643244873090466 0.17771541296057008 0.3182260253819068 0.35543082592114017
6 0.7303530938892779 0.8113207149758009 0.24727717870781624 0.3045430960164204
6 0.7419222286362286 0.21988719389856218 0.42609306938254327 0.36495439695149684
6 0.8477700499284124 0.5223758687629889 0.29558740937299816 0.2938873971478886
6 0.8324797625716407 0.6951093868151655 0.32267716804581603 0.33935443325224207
6 0.4037809558800509 0.8811848048439014 0.2964590186982711 0.23452148750696794
6 0.24143549721518726 0.8688489521881817 0.31210220003181677 0.23617489109776457
6 0.8399228292886839 0.3239974560970064 0.2904453760343621 0.25479762607064965
6 0.5360122005490509 0.8632291695016736 0.2546715080362709 0.26865104781181837
6 0.143244539902959 0.7139619851692771 0.25901356269890763 0.23899081888905727
6 0.1368625586410012 0.532784708041914 0.2737251172820024 0.312555583916172
6 0.8213075472629123 0.5139366548673424 0.21084768801718107 0.12778060811666875
6 0.8602705972708666 0.45512019106989177 0.27058631468809013 0.15937604176169415
6 0.7756303259070952 0.6798161849215717 0.18455790802036276 0.1510635720123153