7 0.0921875 0.5833333333333334 0.0859375 0.6388888888888888
7 0.171875 0.5777777777777777 0.1015625 0.6583333333333333
7 0.246875 0.6916666666666667 0.05625 0.3861111111111111
7 0.2890625 0.6277777777777778 0.06875 0.5277777777777778
7 0.3421875 0.5472222222222223 0.0921875 0.6805555555555556
7 0.4125 0.49166666666666664 0.109375 0.8027777777777778
7 0.5 0.5388888888888889 0.0890625 0.7083333333333334
7 0.578125 0.5138888888888888 0.0984375 0.725
7 0.6625 0.5222222222222223 0.0859375 0.725
7 0.7328125 0.5472222222222223 0.06875 0.6166666666666667
7 0.7984375 0.5361111111111111 0.103125 0.675
7 0.871875 0.5333333333333333 0.125 0.6472222222222223