7 0.8859524177436804 0.263713558683703 0.16872016451263933 0.527427117367406
7 0.8075182932186458 0.29094722801519457 0.18808841356270847 0.5818944560303891
7 0.7214548130702777 0.1790960281252697 0.10843466831236129 0.3581920562505394
7 0.6852439029260415 0.25821705045756704 0.13848715064493078 0.5164341009151341
7 0.6417653534391318 0.34969348093244196 0.18118510334222257 0.6993869618648839
7 0.5766300094993053 0.4259416073910656 0.21567051253652814 0.8518832147821312
7 0.4854419650463887 0.41486646411592504 0.18307491166284748 0.7504719669133337
7 0.40813392942718724 0.47815038544603533 0.19430335239229207 0.7735998286906511
7 0.3250304886977428 0.5072295928711206 0.18173061720993094 0.7670092565007008
7 0.25155662110656224 0.5160880933759655 0.15055204597152808 0.6506622031051253
7 0.186240092421215 0.5575683532779976 0.1921226033422226 0.7262482293891294
7 0.11320198271381916 0.5927510541320818 0.2106180302039587 0.7083563098962767