7 0.0772000313410308 0.4913977276036118 0.1295704573761981 0.6684832735593691
7 0.1586091557142102 0.48671961653019763 0.14712167022917955 0.691772519293839
7 0.23096754051223084 0.366084712716666 0.08310933135366608 0.40475310473637666
7 0.2753480263264659 0.42584221914794573 0.1058314290046682 0.553236354745801
7 0.3327142454476535 0.5044797993033362 0.1380649189755383 0.7106349509134211
7 0.40464306974169056 0.5534348431404646 0.16359376788018168 0.8398677607533549
7 0.49240749419401225 0.49492957288155354 0.1369570600417651 0.7383157265537217
7 0.5726261916075875 0.5152029607394009 0.14825827289474666 0.7612169637382834
7 0.6565609224072576 0.4995592417610911 0.13566734468150124 0.7548853910829112
7 0.7275099198999752 0.46503544905867067 0.11197378041659398 0.6424162500471212
7 0.7969957057933524 0.47212982195417835 0.14895695486891558 0.7085361880979827
7 0.8698338122198432 0.46552931023575134 0.16886027790931166 0.6847972158851847