7 0.1046875 0.5083333333333333 0.08125 0.6916666666666667
7 0.1890625 0.5104166666666666 0.0859375 0.6854166666666667
7 0.265625 0.5145833333333333 0.071875 0.6854166666666667
7 0.3421875 0.5145833333333333 0.0765625 0.6895833333333333
7 0.4203125 0.5208333333333334 0.084375 0.6833333333333333
7 0.5015625 0.5166666666666667 0.0796875 0.6895833333333333
7 0.575 0.51875 0.0703125 0.6958333333333333
7 0.6484375 0.51875 0.078125 0.6979166666666666
7 0.725 0.5208333333333334 0.0796875 0.6895833333333333
7 0.8 0.5291666666666667 0.0703125 0.6708333333333333
7 0.8765625 0.53125 0.0765625 0.66875