7 0.0977807417458283 0.3730946405486894 0.1955614834916566 0.7281583633086395
7 0.1735858276804769 0.39097894799934246 0.21723168136463467 0.7240838135069337
7 0.2518369804394389 0.405871247625127 0.2030054070543752 0.7195710612384107
7 0.32918405246570626 0.42391988100083644 0.2062941813646347 0.7238281954012904
7 0.40751709237979794 0.4367201304174159 0.2123804070543752 0.7197901624718195
7 0.48856569651824094 0.45990759713555107 0.21106356851976446 0.7260297962271997
7 0.5636509056996382 0.47591895561040765 0.2017704556748942 0.7279027452029961
7 0.6363514213034703 0.49303111449821885 0.2113911171402833 0.7343979970640198
7 0.7129991304848674 0.5090059561008407 0.20958295567489404 0.72808532956417
7 0.7907146947092187 0.5176403635351275 0.19782658412359666 0.7069092093664763
7 0.868061766735486 0.5356889969108369 0.2039946969684671 0.7049632266462105