8 0.24659385742628515 0.770056821551366 0.08002003400368078 0.4489392297571017
8 0.33561998983510455 0.7651310469812219 0.08430749050069464 0.4219080327071873
8 0.41661541669684066 0.7456059522250061 0.07616768218006964 0.3994703158562218
8 0.4055350591736463 0.9484629783592137 0.08401263050895835 0.08376572454616182
8 0.5228290491056601 0.7402060894716265 0.09775174145062522 0.3803206143969503
8 0.568598103626563 0.9291443258036612 0.0860115416031249 0.11343845310154034
8 0.6144710352379518 0.7006262158154171 0.09350195896555587 0.5159506878297578
8 0.7281705125365281 0.7258966054270324 0.08561672378319471 0.5107969215960763
8 0.7980472546527435 0.7474354933546727 0.06461323955076406 0.46332305531442963
8 0.2688435318194793 0.21545849479036186 0.09393706363895857 0.4309169895807237
8 0.3542179873665626 0.22902344075846479 0.08343597473312521 0.45804688151692957
8 0.4317617591180557 0.24144001667683052 0.06977351823611144 0.48288003335366103
8 0.4956242373665626 0.2270624396368996 0.0818734747331252 0.4541248792737992
8 0.550075348023889 0.21019417733162518 0.072025696047778 0.42038835466325036
8 0.6274385882402432 0.3075164361138402 0.07798344889756947 0.31066762481883026
8 0.637173998100139 0.07580492031744908 0.09309799620027785 0.15160984063489816
8 0.7066708401401043 0.23147447170477337 0.06959168028020848 0.46294894340954673
8 0.7707878915268751 0.23444549367074943 0.09157578305375029 0.46889098734149887