8 0.7342634540348933 0.8117956929591923 0.1357112827847038 0.3641983539845485
8 0.6591634600850175 0.7853247197022192 0.14841127068445542 0.4186342617339009
8 0.7988334515008105 0.3124197478555736 0.15476126463433104 0.44585221560857685
8 0.7144311804235717 0.3057880510896269 0.1471033007386847 0.48775569919115763
8 0.6322999364736959 0.27938172038610876 0.1283623910977642 0.49005245485108
8 0.5790658521647404 0.2502405011603618 0.14708512002052548 0.48281742758621937
8 0.5312323401626878 0.20524547311963262 0.1218396803253757 0.41049094623926524
8 0.4291385750373774 0.2713726287204895 0.13561128883482798 0.33703786015738807
8 0.3523215449831481 0.2048584409192533 0.1327680899662962 0.4097168818385066
8 0.46509828005422926 0.06726116841893907 0.11457156010845856 0.13452233683787815
8 0.2999232528286704 0.19030937882419818 0.14359650565734078 0.38061875764839637
8 0.5747702793668583 0.7811621587387416 0.14532263212077384 0.4284820749200196
8 0.4832731257760621 0.757311153908966 0.15482489714788858 0.4631361662258609
8 0.39952081537301587 0.9272226670195625 0.08164997579950314 0.10938895592634489
8 0.39933394213103657 0.6642525215506602 0.1706317043294808 0.5126625323940325
8 0.2821146258742579 0.6566879221329359 0.14257942720211786 0.5321570485999653
8 0.19613621925839966 0.6463668866751642 0.15808625253408276 0.5002019332866557