8 0.315625 0.08641975308641975 0.315625 0.11358024691358025
8 0.1171875 0.19753086419753085 0.2265625 0.11851851851851852
8 0.3375 0.2222222222222222 0.25625 0.11851851851851852
8 0.3484375 0.34814814814814815 0.2421875 0.10617283950617284
8 0.125 0.32592592592592595 0.2484375 0.1259259259259259
8 0.35 0.508641975308642 0.2296875 0.14074074074074075
8 0.134375 0.5753086419753086 0.265625 0.12839506172839507
8 0.371875 0.6493827160493827 0.3125 0.1308641975308642
8 0.1171875 0.7037037037037037 0.23125 0.10864197530864197
8 0.353125 0.8222222222222222 0.3140625 0.11851851851851852
8 0.3328125 0.9358024691358025 0.296875 0.1037037037037037
8 0.7 0.13580246913580246 0.315625 0.13333333333333333
8 0.690625 0.2641975308641975 0.3296875 0.11604938271604938
8 0.675 0.38271604938271603 0.334375 0.09382716049382717
8 0.6828125 0.48148148148148145 0.3171875 0.11358024691358025
8 0.7046875 0.562962962962963 0.321875 0.09876543209876543
8 0.6125 0.6790123456790124 0.1875 0.1111111111111111
8 0.790625 0.6987654320987654 0.1671875 0.1382716049382716
8 0.671875 0.8024691358024691 0.3140625 0.0962962962962963
8 0.6875 0.8987654320987655 0.3546875 0.12839506172839507