8 0.3109375 0.08641975308641975 0.3171875 0.13333333333333333
8 0.1109375 0.18518518518518517 0.2171875 0.11358024691358025
8 0.346875 0.22469135802469137 0.26875 0.11851851851851852
8 0.7 0.13333333333333333 0.315625 0.13333333333333333
8 0.9328125 0.2345679012345679 0.1328125 0.12839506172839507
8 0.9296875 0.3654320987654321 0.140625 0.09382716049382717
8 0.921875 0.4888888888888889 0.15625 0.10123456790123457
8 0.9375 0.6074074074074074 0.1234375 0.10617283950617284
8 0.9328125 0.7333333333333333 0.134375 0.10617283950617284
8 0.9265625 0.8419753086419753 0.1453125 0.11604938271604938
8 0.684375 0.25679012345679014 0.3421875 0.1111111111111111
8 0.66875 0.3851851851851852 0.3265625 0.08148148148148149
8 0.675 0.4666666666666667 0.3203125 0.11358024691358025
8 0.703125 0.5481481481481482 0.3046875 0.08641975308641975
8 0.609375 0.6790123456790124 0.1859375 0.13333333333333333
8 0.675 0.8148148148148148 0.3296875 0.09135802469135802
8 0.7875 0.6765432098765433 0.165625 0.14074074074074075
8 0.6859375 0.8962962962962963 0.3390625 0.10864197530864197
8 0.3421875 0.3530864197530864 0.25 0.12345679012345678
8 0.1203125 0.3160493827160494 0.2375 0.1308641975308642
8 0.115625 0.4419753086419753 0.2296875 0.1308641975308642
8 0.3390625 0.49135802469135803 0.2625 0.13333333333333333
8 0.1234375 0.5753086419753086 0.246875 0.10617283950617284
8 0.375 0.6345679012345679 0.2921875 0.145679012345679
8 0.1171875 0.6888888888888889 0.2328125 0.11604938271604938
8 0.3515625 0.8049382716049382 0.315625 0.09382716049382717
8 0.1015625 0.8024691358024691 0.2015625 0.09382716049382717
8 0.3328125 0.9345679012345679 0.3 0.1308641975308642