8 0.24867485231835856 0.7668776159293226 0.10246706129215681 0.4589591973621561
8 0.34019384885831744 0.7418609951383037 0.09420889231879608 0.44164616990143024
8 0.27184977817462047 0.2130343349329258 0.10307455634924097 0.42202771418435064
8 0.3521739481365644 0.23839568793873547 0.08872289627312879 0.4711455016274305
8 0.43670811562705036 0.24532712343083302 0.07029123125410078 0.4832888170024763
8 0.48889269813656444 0.23964953057040692 0.09028539627312888 0.4711598312575068
8 0.5428798611784261 0.21305747156396215 0.0716972223568522 0.41681501320844155
8 0.629402293003368 0.3271245993838787 0.09695720752810466 0.3062355081261687
8 0.7172723661213419 0.2515938733103071 0.07647756425790639 0.48088308133558905
8 0.6256340113687064 0.0906928918585497 0.09645318874502422 0.16587007871637036
8 0.7703018656270503 0.24838649945211125 0.08872289627312888 0.4711455016274305
8 0.422479766843095 0.7524655174660752 0.09650622136826889 0.4096551247280852
8 0.40204654452342387 0.958426239734777 0.08966467787060921 0.08314752053044586
8 0.5148582678316782 0.7607001282021498 0.1032655573378241 0.4294168767459271
8 0.5722635440291323 0.9543205026822578 0.07279551285158128 0.09135899463548448
8 0.6079251769192071 0.704916824516344 0.11235139726171184 0.4787496086401505
8 0.7183825158545118 0.7444315215510677 0.08055756920082224 0.5111369568978646
8 0.7971123523183585 0.7681672826361845 0.08872289627312888 0.463665434727631