8 0.6348126235728968 0.8809602032539019 0.3444450197716636 0.17321855107014628
8 0.8509642055881192 0.8551559040591779 0.2465168557412188 0.18572652104913845
8 0.6314210267289267 0.7797831362768003 0.2870436966536897 0.24539169071257966
8 0.6374216759306239 0.6482289276563398 0.2693468606841346 0.22437358396190024
8 0.8597542737631774 0.7407131432836024 0.2682300296574951 0.24154253273091786
8 0.6573429036875026 0.4797797323415494 0.26392453163466156 0.25601234200093465
8 0.8695696951708148 0.4808484223533208 0.26086060965837027 0.25457822283285986
8 0.6534273834215475 0.32792788048969757 0.3473100346004111 0.2843296621812574
8 0.8978883547526355 0.3539720292115746 0.20422329049472907 0.21317111556171314
8 0.6966906106841344 0.1540499537472128 0.3469916996194392 0.27198398316891165
8 0.7302724318249421 0.08462521917113514 0.32221719269935695 0.16925043834227027
8 0.24398735231835858 0.750163901440489 0.3505623685927999 0.2894979374827278
8 0.27202216901054177 0.6231725064504767 0.362744033611828 0.27807227325651024
8 0.30496732018940537 0.5044780812243084 0.3637335306460784 0.2559650528825542
8 0.30932455634924094 0.40025686920340736 0.34849053262324475 0.2696298492147086
8 0.2967489604938541 0.30717722072330955 0.3512971976422728 0.25751417389889497
8 0.4087741166156335 0.2197697401208758 0.2157761917107738 0.20317957050357055
8 0.22666727076024668 0.13916779217764397 0.19753552768032892 0.2215526347441311
8 0.36364334733826165 0.09786565793657642 0.34291169467652327 0.19573131587315284
8 0.3618434253991514 0.0592219989590656 0.3861868507983027 0.1184439979181312