4 0.5096785960681565 0.49904841587640336 0.5538022645814763 0.21311739145054281
4 0.5260871945770884 0.5785345200148463 0.5488419799417403 0.20349672998515372
4 0.543186114872775 0.6611046805757244 0.5569272645814763 0.21328116576080233
4 0.4895456039857152 0.4135170296257848 0.5617511569013445 0.2182143272261916
4 0.5868893361055336 0.8748905416115724 0.5694727286880991 0.2154987630018404
4 0.5741452951975914 0.8303150260077402 0.5750695108205527 0.24699442446722947
4 0.5589354838356779 0.7632470347141675 0.5701092261808167 0.23737376300184038
4 0.47003473753009467 0.3334134497976013 0.5557284774344579 0.22569927860567257
4 0.44702679803407824 0.2394520878572422 0.5639956185006845 0.24173371438132135
4 0.397999579308602 0.06567923168263431 0.5696258413827959 0.13135846336526863
4 0.4079141369095917 0.10071265094993968 0.5841717261808166 0.20142530189987937
4 0.4196041431777979 0.13636138738227235 0.5866889724198929 0.27100513455313796