4 0.5019548110735074 0.5795369295556123 0.5473854526972918 0.11764111714028332
4 0.4999396758148963 0.660582211667788 0.5409536147413888 0.1095010685197643
4 0.49568989332982694 0.746192163047269 0.5489479526972918 0.11772300429541324
4 0.49991822596739627 0.4920369295556123 0.5537445554708335 0.12265616576080234
4 0.48610126025541744 0.9517882293077851 0.5555979962002778 0.09642354138442996
4 0.48795339456409803 0.9166717593837959 0.5622116721120834 0.15119060153645095
4 0.48787935296097296 0.8464411465389254 0.5588320989738195 0.14008932722619177
4 0.4995168760436462 0.407743816710742 0.5446241286090974 0.1331023428300238
4 0.4988245853904516 0.3109507038658718 0.5511650693385418 0.14592989145054291
4 0.5020359318957291 0.08015108321908547 0.5665718637914583 0.1373737630018404
4 0.5008923124046876 0.13159075248639085 0.5691162887533334 0.17964315015697013
4 0.49631522159899316 0.20313820386587186 0.5689708183886113 0.17339315015697015