4 0.08893110226173626 0.3721487448089153 0.16771335588993333 0.47132751038216936
4 0.39592020144342965 0.4427294714137407 0.20661216478294078 0.46891514192396555
4 0.14987852594553366 0.3913012922345491 0.20494053737827905 0.4656991366622937
4 0.4787153432760617 0.4598266951759686 0.20661216478294087 0.46891514192396555
4 0.6443056269413255 0.4940211427004245 0.20494053737827897 0.4656991366622936
4 0.3139608733131285 0.4271492450206768 0.20661216478294078 0.46891514192396555
4 0.8091692243089204 0.5298235928557162 0.2082837921876024 0.4721311471856374
4 0.5607837988110245 0.47853192156903246 0.2066121647829407 0.46891514192396555
4 0.8911831161415524 0.54696631924878 0.2081746647829405 0.46900614718563743
4 0.2327282314804965 0.4099610159967771 0.20661216478294078 0.46891514192396555
4 0.9333283990890262 0.5624401298285935 0.1333432018219476 0.4663669945971538
4 0.7263740824762884 0.5127263690934882 0.20979172848527164 0.47065965244730934