4 0.5676803236634058 0.018201873290763757 0.5041106473268118 0.036403746581527514
4 0.5568764154603146 0.33360148242947874 0.5089339261954198 0.13823649676895872
4 0.5665497341443972 0.06197914898414918 0.5056269156720761 0.12395829796829835
4 0.5559957258989537 0.42593445279420095 0.5090249314570917 0.1397989967689588
4 0.5503735994070678 0.6114725625015968 0.5041554209337479 0.136564893995417
4 0.5617088576525113 0.2419588430868051 0.5072804209337478 0.13663762917777822
4 0.545532722915182 0.7969924884134023 0.5120589261954198 0.13830923195131994
4 0.5535525363375927 0.5183037907501037 0.5072804209337478 0.1366376291777783
4 0.5422172780921491 0.8878175101648955 0.5106784367187635 0.1413978643601393
4 0.5641520472138722 0.14958950513090233 0.507280420933748 0.13663762917777822
4 0.537309241189859 0.9512987819163886 0.5043682525602489 0.08663762917777831
4 0.5494929098457069 0.703805532866319 0.5106784367187635 0.1413978643601393